0.41900659695109999000
0.37297349371874716000
0.00000000000000000000
0.00000000000000000000
0.00000000000000000000
0.00000000000000000000
0.00000000000000000000
0.00000000000000000000
0.14094555059793276000
0.00000000000000000000
0.00000000000000000000
0.00000000000000000000
0.00000000000000000000
0.00000000000000000000
0.00000000000000000000
0.00000000000000000000
0.38868361670304891000
0.00000000000000000000
0.00000000000000000000
0.10708139004405752000
0.00000000000000000000
0.00000000000000000000
0.00000000000000000000
0.00000000000000000000
0.00000000000000000000
0.00000000000000000000
0.00000000000000000000
0.00000000000000000000
0.00000000000000000000
0.00000000000000000000
0.00000000000000000000
0.00000000000000000000
0.00000000000000000000
0.65353582224420192000
0.00000000000000000000
0.00000000000000000000
0.00000000000000000000
0.00000000000000000000
0.00000000000000000000
0.00000000000000000000
0.43249870960315401000
0.37059045651760941000
0.00000000000000000000
0.00000000000000000000
0.06339535922417508000
0.43771811803055016000
0.45787968436786181000
0.00000000000000000000
0.08055603808151146100
0.25075682618088080000
0.00000000000000000000
0.00000000000000000000
0.00000000000000000000
0.00000000000000000000
0.22434274736274065000
0.00000000000000000000
0.69566304140582247000
0.45805868575315006000
0.00000000000000000000
0.45652426830924636000
0.00000000000000000000
0.00000000000000000000
0.60202626232447576000
0.00000000000000000000
0.00000000000000000000
0.00000000000000000000
0.07067576926250132600
0.00000000000000000000
0.00000000000000000000
0.00000000000000000000
0.00000000000000000000
0.00000000000000000000
0.00000000000000000000
0.00000000000000000000
0.00000000000000000000
0.00000000000000000000
0.00000000000000000000
0.00000000000000000000
0.00000000000000000000
0.45943957542504604000
0.00000000000000000000
0.00000000000000000000
0.00000000000000000000
0.61894402723431297000
0.00000000000000000000
0.00000000000000000000
0.00000000000000000000
0.01449805475459205200
0.00000000000000000000
0.00000000000000000000
0.00000000000000000000
0.41674494492454933000
0.00000000000000000000
0.00000000000000000000
0.00000000000000000000
0.00000000000000000000
0.00000000000000000000
0.00000000000000000000
0.00000000000000000000
0.56073426377783098000
0.00000000000000000000
1.11239230507642880000
0.00000000000000000000
0.00000000000000000000
0.00000000000000000000
0.00000000000000000000
0.00000000000000000000
0.00000000000000000000
0.00000000000000000000
0.00000000000000000000
0.00000000000000000000
0.91463376829906329000
0.42341946188798124000
0.00000000000000000000
0.00000000000000000000
0.59552953634722872000
0.00000000000000000000
0.00000000000000000000
0.00000000000000000000
0.00000000000000000000
0.96066171791846033000
0.00000000000000000000
0.00000000000000000000
0.00000000000000000000
0.00000000000000000000
0.00000000000000000000
0.00000000000000000000
0.00000000000000000000
0.04762384347485076900
0.00000000000000000000
0.00000000000000000000
0.00000000000000000000
0.00000000000000000000
0.00000000000000000000
0.00000000000000000000
0.00000000000000000000
0.00000000000000000000
0.00000000000000000000
0.00000000000000000000
0.48962785632465178000
0.30962500422050449000
0.00000000000000000000
0.00000000000000000000
0.00000000000000000000
0.00000000000000000000
0.00000000000000000000
0.00000000000000000000
0.00000000000000000000
0.00000000000000000000
0.00000000000000000000
0.00000000000000000000
0.00000000000000000000
0.00000000000000000000
0.00000000000000000000
0.00000000000000000000
0.00000000000000000000
0.00000000000000000000
0.53107912272820612000
0.00000000000000000000
0.00000000000000000000
0.00000000000000000000
0.00000000000000000000
0.00000000000000000000
0.00000000000000000000
1.05819782624987720000
0.00000000000000000000
0.00000000000000000000
0.00000000000000000000
0.03282210606891709100
0.00000000000000000000
0.00000000000000000000
0.00000000000000000000
0.00000000000000000000
0.00000000000000000000
0.00000000000000000000
0.00000000000000000000
0.00000000000000000000
0.00000000000000000000
0.00000000000000000000
0.02403187345974524400
0.25334591958414582000
0.00000000000000000000
0.00000000000000000000
0.00000000000000000000
0.00000000000000000000
0.67716954146556785000
0.00000000000000000000
0.00000000000000000000
0.66798908820615510000
0.00000000000000000000
0.14041670947505921000
0.87840150555016916000
0.00000000000000000000
0.00000000000000000000
0.03650936996343218100
0.00000000000000000000
0.00000000000000000000
0.00000000000000000000
0.00000000000000000000
0.00000000000000000000
0.81435088258289978000
0.17888390045055402000
0.35196000844211045000
0.00000000000000000000
0.00000000000000000000
0.33821334999827535000
0.26884228055814430000
0.59871396987134162000
0.76867647320736865000
0.00415399637770748000
0.77026183022484651000
0.29434563661147761000
0.41601329897747163000
0.89786841132292805000
0.75733936780890931000
1.45813800691116070000
0.42648540169879695000
0.00000000000000000000
0.00000000000000000000
0.00000000000000000000
0.00000000000000000000
0.58926605892524997000
0.00000000000000000000
0.38103725576000069000
0.00000000000000000000
0.00000000000000000000
0.00000000000000000000
0.00000000000000000000
0.84536846240525154000
0.28571125610337866000
0.18465174136870235000
0.00000000000000000000
0.58403625048961239000
0.31978098863199467000
0.00000000000000000000
0.59719076424763728000
0.00000000000000000000
0.00000000000000000000
0.70174044231234889000
0.63551477154090330000
0.50533377009573166000
0.00000000000000000000
1.40859938984579560000
0.00000000000000000000
0.00000000000000000000
0.00000000000000000000
0.26064913775333931000
0.27143695822815284000
0.00000000000000000000
0.00000000000000000000
0.00000000000000000000
0.00000000000000000000
0.00000000000000000000
0.00000000000000000000
0.00000000000000000000
0.00000000000000000000
0.00000000000000000000
0.00000000000000000000
0.74721677742614390000
0.00000000000000000000
0.00000000000000000000
1.21652238431456940000
0.00000000000000000000
0.17982659455560851000
0.72519161438822621000
0.48138090146365403000
0.66449275299353827000
0.70845752445359900000
0.18270996892360145000
0.81790371199452516000
1.41487431347335280000
0.00000000000000000000
0.38749262852963590000
0.00000000000000000000
0.00000000000000000000
0.00000000000000000000
0.09713150748598974000
0.00000000000000000000
0.54081761397312400000
0.80328256632628026000
0.00000000000000000000
0.00000000000000000000
0.00000000000000000000
0.00000000000000000000
0.00000000000000000000
0.00000000000000000000
0.32252021734266501000
0.10675824559338987000
0.00000000000000000000
0.00000000000000000000
0.38299395389206636000
0.49573775718619517000
1.10451565951135260000
0.00000000000000000000
0.05308788844550105200
0.19964283142504155000
0.00000000000000000000
1.25911323200364800000
0.77824541497790456000
0.38323610882441989000
1.39207654482459530000
0.00000000000000000000
1.11178679841439720000
0.00000000000000000000
0.83252730400533337000
1.00063669104777580000
0.00000000000000000000
0.00000000000000000000
0.00000000000000000000
0.94928415037716485000
0.47375919196880467000
0.00000000000000000000
0.00000000000000000000
0.04923092756410012800
0.00000000000000000000
0.31573561467536043000
0.00000000000000000000
1.18972794440997550000
0.16307686102084082000
0.82560178232636294000
0.00000000000000000000
0.93234356434968646000
0.00000000000000000000
0.00000000000000000000
1.25561754789519140000
0.00000000000000000000
0.91305270825184437000
0.00000000000000000000
0.59412052774967128000
0.76644319609865286000
0.00000000000000000000
0.70047915221476009000
0.99459115153662625000
0.00000000000000000000
0.64037178425052310000
0.00000000000000000000
0.00000000000000000000
0.55421164528141453000
0.00000000000000000000
0.58126335124128636000
0.46583565091252549000
0.00000000000000000000
0.00000000000000000000
0.00000000000000000000
0.65158522995506640000
0.87206604980002078000
1.19613643983274790000
0.49307392752453028000
0.00000000000000000000
0.97348804735146843000
1.82103913471967660000
0.00000000000000000000
1.44141496311442330000
0.00000000000000000000
0.00000000000000000000
0.00000000000000000000
0.77366734882169819000
0.00000000000000000000
0.00000000000000000000
0.20540924285544460000
0.00000000000000000000
0.81810995438815570000
0.34891845067394883000
0.89074090570091824000
0.00000000000000000000
0.00000000000000000000
0.06110572569057726200
0.00000000000000000000
0.00000000000000000000
0.10542368890762135000
0.00000000000000000000
1.06345318929863320000
0.00000000000000000000
0.00000000000000000000
0.00000000000000000000
0.00000000000000000000
0.00000000000000000000
0.86912858417953243000
0.02550091516259529000
0.00000000000000000000
0.00000000000000000000
1.11868463734647410000
1.10610636074044470000
0.00000000000000000000
0.00000000000000000000
0.86680395230333895000
0.38089411359638048000
0.00000000000000000000
0.00000000000000000000
0.77278528385399459000
0.00000000000000000000
0.00000000000000000000
0.66382876687770731000
1.00798304855656040000
0.00000000000000000000
0.00000000000000000000
1.17738528833342840000
0.00000000000000000000
1.37826027958864340000
0.36672322305430627000
1.48608825830695590000
1.30034420512215990000
1.15976040123039260000
0.00000000000000000000
0.97400762758111359000
0.32085659464824612000
1.43679724011051270000
0.67329846906136204000
0.66264911758661538000
1.21617084016777400000
1.31431358189846190000
0.39727201893463493000
1.81598169262306740000
0.17553252112277068000
0.91121988042153346000
1.01281943414157260000
0.00000000000000000000
0.76246713397548593000
0.34909753169449503000
0.00000000000000000000
0.22772572423765039000
0.64966127693919740000
1.44825466409413670000
1.05256367632822400000
1.12861602200823800000
0.90832970266872981000
0.75805396976510353000
1.46372438097185030000
0.81947330242660865000
1.96211999283595960000
0.48689608898616288000
1.50154885119469970000
1.82067227335800300000
0.93966196104746447000
1.63622802797807680000
0.96877829208984467000
1.29207437521500410000
1.98916250922819190000
0.99709360985266970000
1.61827828040141660000
0.03058804122036708200
1.06109072791957320000
0.36068608639694444000
1.76937287256678280000
0.74982617639101234000
1.64094296599932020000
1.26206977797074220000
0.75311197255376294000
0.68603725958375228000
1.13076099576418690000
1.79974019632371870000
2.07959822331725700000
0.43489129719276975000
1.33559628700791920000
1.48508013664941860000
1.13837856116983690000
0.14812189282977437000
1.41361864213262780000
1.56055622787539110000
0.61331583231891196000
0.90143853305492239000
1.79154247101001410000
1.10409222555756400000
1.10807551049851120000
0.00000000000000000000
0.93905152737696740000
0.54630747277583280000
1.72460191786772650000
0.41924290412340615000
1.31047873188422810000
1.25155307844431630000
0.68083138943757515000
0.40392246435613571000
1.67749927753461710000
0.78885719876478833000
1.27507893440544070000
0.60767369120809467000
1.72521177098279740000
1.01089577498067600000
1.37742870368887440000
1.07419634107631090000
0.29345304609554734000
1.40795067728516910000
0.55661818695620369000
0.85944831798639210000
1.60809556857032710000
0.97776130139438078000
0.40211915158646727000
1.33680868630552220000
0.00000000000000000000
0.00000000000000000000
1.42361367659696960000
0.99149011585549252000
1.16886683068730450000
1.62858502004934320000
0.63611654320202593000
1.30195913919209970000
1.20802082744869210000
1.37794850371220410000
0.56807123087111788000
1.23595231127265960000
2.32742036441157870000
1.11024953884810460000
0.00000000000000000000
1.49570864100440070000
1.46964664204259670000
1.40962558904496800000
1.62036532620629270000
0.00000000000000000000
0.00000000000000000000
1.74408394652778020000
1.14582254713018660000
0.99979272725905033000
1.49117412634700640000
0.83271352781157337000
2.02075441788357990000
1.44442543823182890000
0.55549384710301464000
0.38906301589251130000
1.48901414806819750000
1.17809593611829260000
0.00000000000000000000
0.29698061516423141000
1.08996817677354050000
1.32576031978359030000
1.06991541160418890000
1.43498481841470650000
0.38991776613003659000
0.82275151123606460000
0.00000000000000000000
1.68458969543413200000
1.13361612981995250000
0.62172801903567487000
1.19960928625830700000
0.26553714539854789000
1.86573265989651690000
0.56437564604018553000
1.37624314037628450000
0.54371295576397027000
0.00000000000000000000
0.98333141998161833000
0.00000000000000000000
0.86060300820371638000
1.12245522171187880000
0.31198580622439870000
1.32141638755981060000
1.59195602915875330000
0.85004413659969325000
0.73527930044001832000
0.55726277931990698000
0.00000000000000000000
0.12994554254410692000
1.06895237194644220000
0.00000000000000000000
0.49007585373484647000
1.21597277127876140000
1.55615838326756160000
1.66648322441757820000
1.84176150712808310000
1.81512532009184560000
1.20290614162383070000
0.47563581914355418000
1.42951582687627670000
1.00287566232071960000
0.87153509581754052000
1.32471846922877790000
1.18426891762414190000
0.18008534356594230000
0.64135806126803996000
0.00000000000000000000
1.33736629631994310000
0.67930164160054085000
0.93898491825850017000
0.49911381183674086000
1.31885216206020160000
0.74393733842406706000
0.78921324015750427000
1.02616289903685500000
0.00000000000000000000
0.75437659432608728000
1.69692603200569180000
1.39925658322717930000
1.05252529172954820000
0.00000000000000000000
1.56538576890125800000
1.08344238880048250000
0.19960898878938496000
0.78198373668258037000
0.00000000000000000000
1.43014059547390130000
1.26415776133638010000
1.33127727922272080000
0.00000000000000000000
0.00000000000000000000
0.00000000000000000000
1.40000055342660200000
1.49401696840630800000
1.29100181444408400000
1.81834012849409970000
0.00000000000000000000
