0.66479622991052356000
0.78791760660676169000
0.00000000000000000000
0.05178812479508698700
0.00000000000000000000
0.00000000000000000000
0.00000000000000000000
0.00000000000000000000
0.00000000000000000000
0.02930304904161739100
0.71452788044159465000
0.60898421891128041000
0.00000000000000000000
0.00000000000000000000
0.00000000000000000000
0.00000000000000000000
0.52159951552307371000
0.00000000000000000000
0.00000000000000000000
0.81262035505051256000
0.56421542905806410000
0.00000000000000000000
0.01836872921327670200
0.00000000000000000000
0.00000000000000000000
0.00000000000000000000
0.25286529465998703000
0.10681100831758841000
0.00000000000000000000
0.49885483492034610000
0.00000000000000000000
0.00000000000000000000
0.00000000000000000000
0.77738199030854105000
0.00000000000000000000
0.00000000000000000000
0.00000000000000000000
0.25376207796249739000
0.00000000000000000000
0.00000000000000000000
0.64056271501505824000
0.20796750273575942000
0.23901479280674903000
0.00000000000000000000
0.73998953200947482000
0.65901469781593880000
0.62796717053159579000
0.76020197093273756000
0.08418779680276637600
0.31577423701025026000
0.02250485908730117200
0.00000000000000000000
0.00000000000000000000
0.31981637460886514000
0.26650095649161437000
0.22699981606768466000
0.82822895442609545000
0.56832747495095293000
0.00000000000000000000
0.54445564882955066000
0.00000000000000000000
0.00000000000000000000
0.69583788691358639000
0.00000000000000000000
0.00000000000000000000
0.00000000000000000000
0.28372052598824327000
0.00000000000000000000
0.00000000000000000000
0.00000000000000000000
0.00000000000000000000
0.45718835177492129000
0.00000000000000000000
0.00000000000000000000
0.59014970570055159000
0.32721169581826259000
0.00000000000000000000
0.81013983103728904000
0.00000000000000000000
0.77482505953718084000
0.00000000000000000000
0.36672320174461892000
0.68872599253231759000
0.82143372698568706000
0.58956581741308611000
0.00000000000000000000
0.27387247190465647000
0.59837771667417916000
0.00000000000000000000
0.00000000000000000000
0.82533279088280742000
0.82274645895725174000
0.00000000000000000000
0.43549529818075172000
0.00000000000000000000
0.00000000000000000000
0.00000000000000000000
0.12662783340677508000
0.00000000000000000000
0.76210816022297490000
0.00000000000000000000
1.05328803419396480000
0.00000000000000000000
0.00000000000000000000
0.00000000000000000000
0.00000000000000000000
0.00000000000000000000
0.00000000000000000000
0.00000000000000000000
0.23716478442888386000
0.00000000000000000000
0.85113837735323661000
0.41931623596814754000
0.00000000000000000000
0.00000000000000000000
0.59933900058394562000
0.00000000000000000000
0.00000000000000000000
0.00000000000000000000
0.00000000000000000000
0.98644165682004892000
0.00000000000000000000
0.00000000000000000000
0.05631777872041877900
0.00000000000000000000
0.00000000000000000000
0.00000000000000000000
0.00000000000000000000
0.00000000000000000000
0.34085368859758963000
0.00000000000000000000
0.00000000000000000000
0.18788910990176846000
0.00000000000000000000
0.00000000000000000000
0.00000000000000000000
0.00000000000000000000
0.61788858356681819000
0.00000000000000000000
0.34080970658609555000
0.40351426333422308000
0.00000000000000000000
0.94550869322192121000
0.00000000000000000000
0.00000000000000000000
0.00000000000000000000
0.66315755960615330000
0.00000000000000000000
0.00000000000000000000
0.00000000000000000000
0.84412504768172003000
0.00000000000000000000
0.00000000000000000000
0.00000000000000000000
0.37660244567563639000
0.00000000000000000000
0.00000000000000000000
0.81541352566364234000
0.80314347420017362000
0.13489501483274322000
0.00000000000000000000
0.00000000000000000000
0.00000000000000000000
0.00000000000000000000
1.04136474623459300000
0.44082239059732209000
0.00000000000000000000
0.00000000000000000000
0.00000000000000000000
0.28305799261889569000
0.00000000000000000000
0.00000000000000000000
0.00000000000000000000
0.76076676936152099000
0.00000000000000000000
0.00000000000000000000
0.00000000000000000000
0.00000000000000000000
0.00000000000000000000
0.08406875727394669300
0.00000000000000000000
0.00000000000000000000
0.00000000000000000000
0.00000000000000000000
0.00000000000000000000
0.56453020030485734000
0.00000000000000000000
0.00000000000000000000
0.76909511873130154000
0.00000000000000000000
0.31276190941821708000
0.80271998269511491000
0.00000000000000000000
0.27171239129169117000
0.09052940959425630200
0.00000000000000000000
0.00000000000000000000
0.00000000000000000000
0.00000000000000000000
0.00000000000000000000
1.00048956953985370000
0.92166079352210573000
0.65590607666927725000
0.86374172715051556000
0.00000000000000000000
1.42290810775740480000
0.44136522325216782000
0.79640319671124349000
0.85079350046564939000
0.83953211559510199000
0.98282985914009791000
1.30484909958364440000
0.90636974268037496000
1.04411737521624850000
0.93528544984365991000
1.55332972357325020000
0.48642671718429908000
0.89201476292196014000
0.93704882016415003000
0.22988233761622562000
0.86077216979960314000
0.71949706961210957000
0.63252712331311611000
0.83062660147285217000
0.87410318393476150000
0.71344459738240507000
0.85164262853529538000
0.40023327653149721000
0.75202749017472015000
0.33527323932357439000
1.66693847445201880000
0.78892407642283047000
0.56487361207137754000
0.61874381015376478000
0.83383725578238244000
0.95881377400834078000
1.40536350301582000000
0.94964233247514318000
0.94704341543807946000
0.58461114106349732000
0.96957183312912065000
0.00000000000000000000
1.52796473462926170000
0.58842745374282801000
0.00000000000000000000
0.77960119453813204000
0.71739677878212138000
0.57023632734667196000
1.21725180861811830000
0.86054660218359302000
1.29052946174078520000
0.29723397434387189000
0.94847123818089663000
0.97684661766945957000
0.00000000000000000000
0.84716415145619739000
0.00000000000000000000
0.65822698191421325000
1.07202941896920390000
0.55465389875040760000
0.91881451311613083000
1.28442891219364100000
0.16656086107988707000
0.40430759338147848000
1.17111656026044470000
0.93775710718257077000
0.93394471651225297000
0.86456424018306810000
1.10410637845455280000
0.99420212074192382000
1.56886965936187630000
0.93009463775124579000
0.28016674681317938000
0.00000000000000000000
0.95256398062583836000
0.59826741219590596000
0.41249877901928161000
0.29833783396381824000
0.88568415634852860000
0.87276795104171290000
0.00000000000000000000
0.61395856116045777000
0.00000000000000000000
0.59433663955595806000
0.48817366875571561000
1.10161955107845630000
0.90130794337851949000
0.68000356621282432000
0.32427448206879605000
0.00000000000000000000
1.16733540782500240000
0.65469474751099332000
1.17490644818811420000
1.27250582400708080000
0.82472072606784474000
0.69251583432345820000
0.33625501015347420000
1.63557428075253800000
0.97788713242821845000
0.93219549103152322000
2.00784181923705860000
0.33087451117294298000
1.07894771839313150000
0.88310359033512353000
0.96870768792418105000
1.09623821747558830000
0.64354810398997730000
1.09766963421430090000
0.00000000000000000000
0.46449326996280760000
1.09764684506002810000
1.09030934193649150000
0.47190418436711878000
0.72444587996825205000
1.22237808331747690000
0.80622718467346943000
0.84654790466587782000
1.54740878448075000000
1.25734886629602480000
1.71746790419031310000
0.70662582426951770000
0.95268089094029973000
0.16340405214438053000
1.29518627624642810000
1.18930271990807590000
0.87482723589857270000
1.39097950302076480000
1.57870497486944770000
0.60453167319574930000
0.79657700551115318000
1.26241393555831550000
0.94005987841419303000
0.92708841036071865000
1.31476339342980040000
1.77841588601291530000
0.26626472433229842000
0.64252365429352276000
1.02394716966512700000
0.00000000000000000000
0.37366602400736060000
0.96366027237246654000
0.00000000000000000000
0.76385929509012285000
0.00000000000000000000
0.78319465319407389000
1.02836997189135950000
1.46177017679540990000
1.02060881525608390000
0.00000000000000000000
1.20261921631424730000
1.70814548379042090000
0.83131294512496290000
1.34277750688825300000
1.26901686716531840000
1.07139921797266880000
0.00000000000000000000
1.21451971505413800000
0.00000000000000000000
0.23671428211966367000
1.57205042253746210000
1.39556037149169020000
0.55095069334105085000
0.90297120467099479000
0.79351526655935478000
1.17984654304653680000
1.40291060877213720000
0.77330796203212548000
0.31844031799244482000
0.43403521679101531000
0.14109529744567628000
0.54168366079169172000
1.06582659009250390000
1.09613332775004220000
0.49680209179374607000
0.00000000000000000000
0.00000000000000000000
1.41608644199032340000
0.75174597944271260000
1.41685391143885160000
0.97519148557417579000
1.34486104702229010000
1.10640453629232600000
1.84910440891603380000
0.00000000000000000000
0.01985213104566525100
0.77706278658040406000
0.33829900986425826000
1.31375653709242620000
0.00000000000000000000
0.68387017282299967000
0.79065614329803457000
0.00000000000000000000
0.77345839597021171000
0.92774511173897400000
1.31869330355622520000
0.54565214141558283000
1.00271374273456450000
0.44063061287884131000
1.43196612860936150000
0.82574685956956495000
