0.712609
0.797606
0.453520
0.618875
0.647104
0.000000
0.000000
0.496022
0.519532
0.191771
0.794786
0.744795
0.420203
0.265225
0.000000
0.000000
0.728600
0.379337
0.440137
0.840893
0.732224
0.625894
0.077965
0.061401
0.000000
0.198168
0.452318
0.385635
0.544907
0.763691
0.678009
0.596363
0.552396
0.794552
0.000000
0.587882
0.518455
0.297542
0.520572
0.000000
0.700262
0.289118
0.000000
0.284385
0.883818
0.117887
0.576424
0.192690
0.865509
0.446041
0.471755
0.070023
0.653594
0.127807
0.535502
0.000000
0.896051
0.345344
0.688024
0.732564
0.000000
0.414666
0.739879
0.846349
0.209267
0.000000
0.163931
0.455382
0.215915
0.038970
0.000000
0.782888
0.538882
0.000000
0.316758
0.267925
0.377657
0.827072
0.000000
0.800043
0.082867
0.726703
0.693973
0.833522
0.000000
0.000000
0.000000
0.352025
0.132273
0.504740
0.776779
0.777024
0.587321
0.528728
0.000000
0.000000
0.419408
0.623677
0.000000
0.758537
0.705089
0.418510
0.000000
0.604509
0.580967
0.139790
0.199285
0.609343
0.637932
0.142040
0.722168
0.274465
0.565779
0.461539
0.079022
0.348890
0.000000
0.720387
0.441541
0.285436
0.495986
0.890876
0.000000
0.069768
0.620417
0.000000
0.654544
0.578307
0.597136
0.381332
0.384485
0.192336
0.413413
0.000000
0.424864
0.000000
0.461207
0.492475
0.165317
0.807118
0.000000
0.000000
0.423641
0.567939
0.580403
0.260583
0.543055
0.609653
0.555395
0.587740
0.608617
0.756105
0.204900
0.786253
0.209738
0.000000
0.846641
0.145326
0.419071
0.758679
0.162868
0.672760
0.696575
0.819410
0.795753
0.179956
0.397464
0.000000
0.104141
0.165078
0.367353
0.822940
0.578727
0.627047
0.591858
0.165824
0.000000
0.000000
0.805404
0.644520
0.381276
0.607818
0.000000
0.435714
0.895120
0.483615
0.626749
0.416323
0.000000
0.000000
0.661462
0.102113
0.884988
0.000000
0.507269
0.538548
0.058941
0.564686
0.000000
0.355965
0.069863
0.958075
0.666706
0.190395
0.997544
0.432452
0.553094
0.000000
0.741782
0.581917
0.000000
0.636794
0.513102
0.009074
0.719875
0.696188
0.534282
0.105322
0.000000
0.000000
1.021892
0.000000
0.325004
0.748483
0.000000
0.000000
0.448244
0.135906
0.836011
0.657852
0.364488
0.378037
0.688931
0.000000
0.911021
0.000000
0.000000
0.861802
0.557355
0.808548
0.917234
0.609783
0.642868
0.762460
0.000000
0.000000
0.487763
0.660317
0.513409
0.000000
0.845163
0.000000
0.200741
0.000000
0.614328
0.900728
0.045033
0.564062
0.916726
0.759502
0.000000
0.000000
0.000000
0.000000
0.491088
0.000000
0.000000
0.000000
0.823027
0.645011
0.642561
0.216877
0.507755
0.000000
0.000000
0.180524
0.000000
0.856095
0.527143
0.064235
0.390189
0.680209
0.000000
0.000000
0.000000
0.866596
0.000000
0.620142
0.754611
0.822993
1.025731
0.569136
0.000000
0.482506
0.159691
0.000000
1.018400
0.214242
0.550804
0.000000
0.000000
0.759687
0.741559
1.001097
0.791174
0.800074
0.151811
0.000000
0.000000
0.804164
0.731391
1.046838
0.000000
0.712547
0.237858
0.682800
0.838320
0.616376
0.000000
0.847912
0.000000
0.342716
0.644810
0.475356
0.732720
0.000000
0.167148
0.000000
0.000000
0.000000
0.525890
0.973380
0.398250
1.031597
0.615711
0.613433
0.097403
0.000000
0.414591
0.000000
0.000000
0.364052
0.120621
0.942863
0.594615
1.040844
0.000000
1.006824
0.390698
0.781071
0.000000
0.242785
0.044530
0.580814
0.988226
0.000000
0.536207
0.000000
0.680626
0.000000
0.682383
0.098912
0.000000
0.878229
0.802228
0.728085
0.000000
0.000000
0.512111
0.000000
0.540151
0.309591
0.471536
0.194038
0.000000
0.000000
0.806269
0.069229
0.727350
0.681329
0.744735
0.605234
0.736720
0.000000
0.376920
0.742048
0.321250
0.000000
0.233784
0.976497
0.401507
0.246553
0.841796
0.000000
0.000000
0.414735
0.685202
0.000000
0.551647
0.466054
