0.00013785970935276115
0.00013785970950386250
0.00000018599839501920
0.00000032142291050974
0.00000108719092284382
0.00000000009217770991
0.00000001403001581579
0.00000000000541255929
0.00013785970939128589
0.00005751389352193215
0.00001356924239437340
0.00000756562320758380
0.00000212005690114481
0.00000004104159345708
0.00000646794989422883
0.00000000117815290857
0.00013785970940816128
0.00001820309131361775
0.00000736130049383554
0.00013785970938784420
0.00000150145315724881
0.00000000046365999928
0.00000000285377155240
0.00000000043838455088
0.00000000584639781032
0.00000026759171301016
0.00000004927843300084
0.00000006907799110500
0.00000002526274467396
0.00000317864252252775
0.00004959880644184178
0.00000002261196740960
0.00000052420050733470
0.00013785970941204706
0.00000000000160305103
0.00000002389156761318
0.00000000428698632149
0.00000001246081071660
0.00000107653509906491
0.00000133346678110602
0.00013785970939395042
0.00013785970935553671
0.00007617714705498990
0.00000004104716455622
0.00013785970935731306
0.00013785970932311820
0.00013785970934909741
0.00000250396289591670
0.00013785970937474357
0.00013785970934343528
0.00000116591474763617
0.00000000000060862426
0.00000000004594458147
0.00013326950128167425
0.00013785970944601988
0.00001423371702213849
0.00013785970929691693
0.00013785970940138892
0.00000123018466424707
0.00013785970935054070
0.00000000208160044757
0.00000000007132550106
0.00013785970939061976
0.00000023056017595113
0.00000002878474669732
0.00000048993106782635
0.00013785970929169888
0.00000000066039396174
0.00000123077059044352
0.00000000003113631575
0.00000000078698159101
0.00000005258807367348
0.00000000000705679959
0.00000000203504801899
0.00008580412046821362
0.00000726456998512148
0.00000356317053507027
0.00000127225153701005
0.00000000592212767714
0.00013785970940372039
0.00000000000632760511
0.00000151070223453065
0.00000122668025082096
0.00013785970942326031
0.00000015391304719614
0.00000001844453323407
0.00000002440832147510
0.00013785970946333936
0.00000340190654479766
0.00000000000576994008
0.00001715655095524404
0.00013785970941948555
0.00000005066859620761
0.00000286184212838769
0.00000000000221522800
0.00000641281747759681
0.00000005183641360595
0.00000011012470602090
0.00000032350703260686
0.00013785970915758394
0.00000000027196245256
0.00005979847025305851
0.00000570402684396676
0.00000000447334880249
0.00000000085330809085
0.00000001465011623125
0.00000002602614168623
0.00000000562988544672
0.00000027482079234531
0.00000012311924546538
0.00000000000287636581
0.00005979847022907769
0.00005979847024284446
0.00000000000386535248
0.00000000005137579251
0.00005979847023618312
0.00000000001549294026
0.00000001287104245407
0.00000000000036770587
0.00000000000582467408
0.00005979847021575502
0.00000000009047251837
0.00000000006481970516
0.00000128575407942755
0.00000000007611777875
0.00000000000009325873
0.00000035192231018222
0.00000000000020694557
0.00005979847021975182
0.00000002903344098470
0.00000000911722120023
0.00000019690937036465
0.00002116840448906920
0.00000002188006464898
0.00000002096334283941
0.00000015945687859009
0.00000000000061239902
0.00005088398562214103
0.00000000540273870087
0.00005979847034409680
0.00005979847023840357
0.00000000467556704464
0.00000003982329888075
0.00000000000244915199
0.00000000000581090731
0.00000000001298783303
0.00000000741114059011
0.00000277426052464058
0.00000004107280693333
0.00000266107402824289
0.00000002779751850923
0.00000000000007771561
0.00000000000938449318
0.00000256886564109493
0.00001812328880790304
0.00000257158315108974
0.00000626045394991337
0.00005979847024195628
0.00004809155885987515
0.00000001927224890785
0.00000141761924621342
0.00000000000137401202
0.00000000021812818218
0.00000000138088473989
0.00005979847025483487
0.00000003349421029419
0.00000000587854875889
0.00000008634154347043
0.00005979847023263041
0.00000003753884869617
0.00000001418092931971
0.00000000077862249981
0.00000004422490951228
0.00000192854841984946
0.00000000000029487524
0.00002565150167832542
0.00000000068307137724
0.00000004213502924344
0.00000000000324495986
0.00005979847024728535
0.00005979847022641316
0.00000000000576960701
0.00000000042143799561
0.00000006939228636149
0.00000000001075184386
0.00005979847015580297
0.00000000001240607617
0.00000006479737169052
0.00005979847025172624
0.00000000000161470837
0.00005979847021753137
0.00005979847029968788
0.00000000000070876638
0.00000049872088769831
0.00005979847027570706
0.00000000000021049829
0.00000011561226420653
0.00000000000056754601
0.00000000044794745691
0.00000000001756061963
0.00000026315870393923
0.00000124814373581028
0.00000150517745678425
0.00000003004896964587
0.00000018509481769513
0.00000000127831212282
0.00000000539415057066
0.00003047941143718980
0.00004528289789196283
0.00000211368007851931
0.00000584315187679429
0.00000004480222703940
0.00001606193791670041
0.00000016880681275033
0.00004436415263309179
0.00000001703309582268
0.00004395745242791183
0.00000000051043358429
0.00000000001021338569
0.00000010271582273624
0.00000348728330756831
0.00003907576326844797
0.00000000187039317368
0.00001084690449038028
0.00000000117030496405
0.00000000000732669481
0.00000000872226102455
0.00000000028490954040
0.00000002837272272682
0.00000903144436148473
0.00000001480354372418
0.00000989947650043010
0.00000010027682029179
0.00000020815611756486
0.00000005670746627828
0.00000026383942486330
0.00000000000055655480
0.00000000000003685940
0.00000031713217685247
0.00000486828293699837
0.00000018838933146803
0.00000000009252276723
0.00000001792316128846
0.00000000000027200464
0.00000000000355182550
0.00000000002742961414
0.00002763143088657660
0.00001416224641459518
0.00000000258139631892
0.00000029006651591779
0.00000002629245399177
0.00000045000191994937
0.00000000000027045033
0.00000000197622462839
0.00000000099414054766
0.00000000002761102458
0.00000000171112601866
0.00000001630948720521
0.00000464548551748489
0.00000287743227012083
0.00000000268212196897
0.00000013674798482466
0.00000166816886826293
0.00001731411502636782
0.00000063153155893669
0.00003563589919231003
0.00003929924694101583
0.00000002507575225241
0.00000037759825255446
0.00000001875939570350
0.00000000451282922143
0.00000000012881362643
0.00000197929846812439
0.00000000000373789888
0.00000000005411016080
0.00000743366325139938
0.00000743818200332758
0.00000000313154358000
0.00000210922410037728
0.00000001267939930827
0.00000000370199726429
0.00000000401027211439
0.00000000260181687306
0.00000000023177004760
0.00000000099759500660
0.00000031953525181372
0.00004755921067900459
0.00004745628456392925
0.00000000048923731732
0.00000123730747547679
0.00000004931152319809
0.00003602513046019329
0.00000093216994934142
0.00000000000280930834
0.00004523246791732216
0.00004596720549610023
0.00000000194068927595
0.00000000652440146354
0.00000013270865906190
0.00002806287036749566
0.00000000689070445148
0.00000000018738255392
0.00000183340511150654
0.00000000102278985281
0.00000009802529321590
0.00001323312847523184
0.00000000334399130608
0.00000000000164046554
0.00000000047090331634
0.00000009428944514056
0.00000003295795281133
0.00000000000036726178
0.00000028313056010809
0.00003817875010980742
0.00000000000232702746
0.00000020286803237290
0.00000000000162625469
0.00000000163176228085
0.00000031360121055535
0.00000000038864866880
0.00000000303457436956
0.00001176560665583359
0.00000000000150501833
0.00000000005998535002
0.00000000088679463772
0.00000000004275380050
0.00000021445865527880
0.00000000000878008777
0.00000011467010008204
0.00000782369011376183
0.00000000000110977894
0.00000002898160600395
0.00000645240428176486
0.00000000287033774526
0.00000000117696874469
0.00000000046032377909
0.00000000031015812141
0.00000135267718714971
0.00000000000173550063
0.00000074483509249212
0.00000014964425565367
0.00000001196614052290
0.00000020205057316147
0.00000000000651789733
0.00000000021320145649
0.00016525397723787805
0.00000001238000413295
0.00000258089218196922
0.00000000000079580786
0.00000075329275217584
0.00000001213916522858
0.00000076952205252390
0.00000032578961284280
0.00000000186357773657
0.00000000029200242224
0.00000000189964488584
0.00000000998060478707
0.00000000000054001248
0.00000000001540234607
0.00000000202671657235
0.00000000000836486436
0.00004418951047524544
0.00000000969059543721
0.00013586109191821016
0.00000000658002718978
0.00000000503191799339
0.00009615953611863404
0.00000002482875527399
0.00000000000203703721
0.00000704645129845360
0.00000000000907807163
0.00002338375053145825
0.00000000058005689141
0.00000000679858258579
0.00000000000598499028
0.00000104724721472493
0.00000000990532589284
0.00010642758831491683
0.00000025489478971963
0.00000101912076710953
0.00000000002755351503
0.00001229387221535205
0.00000000137011380019
0.00000000029439695126
0.00000000002187050541
0.00001637504833462700
0.00001144369977557069
0.00000000235741293153
0.00000016609880759688
0.00011235952078769706
0.00000000000158539848
0.00000000000512745402
0.00000004656213969945
0.00011672285384345393
0.00000000048105786021
0.00000392838749974089
0.00002796764002765961
0.00000000009973932791
0.00000011674888722446
0.00000010699953900684
0.00000004280838883375
0.00000007029887594268
0.00000000002573230518
0.00000000489116636082
0.00000221981926584736
0.00000000171489167311
0.00000001130146087824
0.00000074303970765133
0.00000000000208721929
0.00000000055731608217
0.00000000056583226993
0.00000000596191918056
0.00000000000359623442
0.00000000006132594432
0.00000327491025886584
0.00000191411268979369
0.00000000632357233243
0.00000010907115510772
0.00000000116565757047
0.00000000005235900602
0.00000000558856128041
0.00000413473319027524
0.00000000077083783800
0.00000000168545288837
0.00000020717435122997
0.00000027416882120157
0.00000000039772474203
0.00000000000005795364
0.00000000424317858627
0.00000000005657552204
0.00000000437524194652
0.00000000000704214465
0.00000000014718815056
0.00000003272844761870
0.00000000004679856502
0.00000000034593705678
0.00000002036531876470
0.00000000000071531669
0.00000002441103597040
0.00000000000709610148
0.00000000000015598633
0.00000087589053121562
0.00000000000128685951
0.00000000000231759056
0.00000001953906292318
0.00000000644717756959
0.00000008383180916116
0.00000689941736609079
0.00000005750639575641
0.00000000035732627968
0.00000000005685407700
0.00000000000430711022
0.00000187413575036821
0.00000000000344946294
0.00000002693173206669
0.00000005530758884209
0.00000000000447786253
0.00000001630403423380
0.00000000027514635015
0.00000001519826209329
0.00000013348824690063
0.00000000000003352874
0.00000017978627064874
0.00000000000447486492
0.00000000080712614370
0.00000010686901852353
0.00000139760800921263
0.00000000086911333685
0.00000080135081703681
0.00000020894744101607
0.00000000149698697882
0.00000316624048335434
0.00000001322659559655
0.00000000005047851026
0.00000000002598066207
0.00000000975300240569
0.00000000390144860862
0.00000000015247580976
0.00000000000037836401
0.00000000637602082243
0.00000000243274911327
0.00000001936989824092
0.00000002095928386403
0.00000000327614424478
0.00000102495599241248
0.00000000058892446475
0.00000006904418892173
0.00000000000046407322
0.00000011901303442752
0.00000000103427300058
0.00000000029488134157
0.00000000061924210204
0.00000000838248015445
0.00000000048258808061
0.00000000445075321043
0.00000584316463259071
0.00000000024541568777
0.00000000064245875286
0.00000005515928425126
0.00000159495307971991
0.00000000000057198690
0.00000000004405675824
0.00000045631782952249
0.00000001522088122208
0.00000000000013011814
0.00000000000018562929
0.00000000004035172196
0.00000002911892504898
0.00000000069313532691
0.00000000008465850243
0.00000000000198330241
0.00000003349584853929
0.00000013650497043827
0.00000000002052802373
0.00001332320368629958
0.00000000000092192920
0.00000015699240107914
0.00000001247408132343
0.00000160729304510276
0.00000000747772777032
0.00000000000127453603
0.00000001411428129927
0.00000002238016549860
0.00000151879301490965
0.00000019866170242189
0.00000006835875177025
0.00000000006465494806
0.00000001474517485889
0.00000004760951788363
0.00000000000037037040
0.00000000005471356701
0.00000000003672351312
0.00000002424114264876
0.00000000008321299205
0.00000000011555956192
0.00000000020919577182
0.00000003271277693173
0.00000398544037261139
0.00000000192939175747
0.00000000000000888178
0.00000000168328595507
0.00000000132201183334
0.00000000022508350739
0.00000000230882246655
0.00000000000007238654
0.00000029608428353534
0.00000000032219915624
0.00002091752387722856
0.00000005530878044446
0.00000000000080113693
0.00000206699195781646
0.00000000219603402130
0.00000001340004596173
0.00000000034684699557
0.00000000000021138646
0.00000000015355361427
0.00000000010784306781
0.00000000052878901258
0.00000000000182254212
0.00000001467995014437
0.00000000010608136591
0.00000300942763509227
0.00000000000859001759
0.00013861325549102688
0.00029151982723485403
0.00000027557065362949
0.00000000001336619704
0.00000000000029221070
0.00000000214954187783
0.00000000105751096768
0.00000000007940048619
0.00000000003368816337
0.00000000161508673102
0.00000000000002398082
0.00000002723464254117
0.00002234774355258651
0.00000000555184298534
0.00000000000003286260
0.00000000001503241975
0.00000000001099031977
0.00000003968954498390
0.00000000009349587771
0.00000016076591924374
0.00000000000339461792
0.00000000000086153307
0.00000001007834660172
0.00000000247056153313
0.00000000003502886869
0.00000000060468297036
0.00000003074493104549
0.00000000000092592600
0.00000001531389437481
0.00000000000013056223
0.00000000001549116391
0.00000015712728584916
0.00000000006562128618
0.00000000542290568006
0.00000000178318737554
0.00000000000493871610
0.00000000048165338384
