0.00007838380632474440
0.00007838380614666463
0.00000009741467210667
0.00007838380594327177
0.00002033347688068510
0.00000371187774717008
0.00000000246999176667
0.00000000809237743482
0.00004344825316615619
0.00007838380611113749
0.00007838380574076709
0.00007838380571900672
0.00004540792412099926
0.00000003100355217001
0.00001366015828252465
0.00002254914249943951
0.00007838380916580512
0.00000679376684664668
0.00001176416474168995
0.00007838380516766996
0.00007838380662228417
0.00000000129107746716
0.00007838380630609265
0.00000358830429947332
0.00000422977036351746
0.00000056035861351056
0.00007838380589575422
0.00007838380592772865
0.00000001207014399540
0.00007838380595526218
0.00000181697212253695
0.00000001482908551509
0.00004782285318549739
0.00007838380627278596
0.00000005690996851548
0.00000008118092709175
0.00000960525617310637
0.00007838380598590433
0.00000080539835578541
0.00000325927870181708
0.00007838380589308969
0.00007838380651836729
0.00007838380648861332
0.00000002518108632721
0.00007838380619284990
0.00007838380561553393
0.00007838380627278596
0.00007838380633806708
0.00007838380602098738
0.00007838380653968358
0.00007838380628255592
0.00000005340652187158
0.00000054043215724775
0.00007838380627189778
0.00007838380611913109
0.00007838380647173793
0.00007838380622526842
0.00007838380625013741
0.00000358623951979276
0.00007838380625058150
0.00000858052787955366
0.00000031172139469682
0.00007838380610669660
0.00000002411175681338
0.00000000681763534516
0.00000031474668227283
0.00007838380629854314
0.00000255612235489089
0.00000098859870978352
0.00000039497072301664
0.00000568607347695149
0.00007838380643798715
0.00000002748233551841
0.00000001075566835596
0.00007838380610758478
0.00007838380603519823
0.00000817370437955489
0.00007838380608404805
0.00000028211163249914
0.00007838380674041190
0.00000032837347041514
0.00007838380600722061
0.00007838380590730054
0.00007838380595748262
0.00007838380613378604
0.00003484511768570009
0.00007838380679059398
0.00007838380632385622
0.00000740548465927304
0.00000010394086435994
0.00007838380615332596
0.00007838380503977227
0.00000002340508342691
0.00007838380638380826
0.00000000448018688814
0.00000611923051008212
0.00000001814319694482
0.00007838380618441221
0.00000013347650007489
0.00007838380591662642
0.00000006354158121891
0.00010517297209922116
0.00000087329255737956
0.00000147780089498895
0.00000011272490163527
0.00000001174362429524
0.00000000589849646904
0.00001664008430057873
0.00000077488692917793
0.00010517297236689593
0.00000000710710001961
0.00010517297265755232
0.00010517297240175694
0.00000027393663859510
0.00000014733097097874
0.00010517297218148869
0.00000050915460125811
0.00000161145167842935
0.00000000057415627808
0.00000005677058967368
0.00010517297216861010
0.00004501799078104884
0.00000004686957510991
0.00010517297232326417
0.00000000199026428671
0.00000000152057733072
0.00009310787161465051
0.00000001044065189859
0.00006561032531704480
0.00010517297256185110
0.00000047944084446971
0.00000005231991007104
0.00010517297218981536
0.00000667451581426448
0.00010093829091950557
0.00002534522396613337
0.00000000369903907504
0.00010517297221057653
0.00000024850870450344
0.00010517297134826631
0.00010517296953171940
0.00000002242968466515
0.00010517297255274727
0.00000001790125347956
0.00000000326151983199
0.00000015674224496109
0.00010517297205214771
0.00000093307603910020
0.00000033449521830153
0.00003860261379373675
0.00010517297178536111
0.00000000006719658163
0.00000030703850617542
0.00007711016173717056
0.00010517297204282183
0.00000330026012329565
0.00000985093532834824
0.00010517297118761704
0.00010517297206824594
0.00010517297238521461
0.00000323860898454598
0.00000000479594985947
0.00000272878879536975
0.00000005885139553463
0.00010517297123424640
0.00010517297179335472
0.00000028500529170028
0.00000092055436318184
0.00004493541245342847
0.00010517297205647758
0.00000004194269098701
0.00009024713354321978
0.00000001223790924154
0.00010517297223067157
0.00000000581104564468
0.00007595211417943393
0.00000000698203628247
0.00000599174309989792
0.00000001345561173594
0.00010517297002521353
0.00000375251254125519
0.00000014342992715743
0.00000284486557255992
0.00001812521624011687
0.00000040350938668166
0.00010517297197265574
0.00000011899679142058
0.00004140621233228448
0.00010517297239764911
0.00000000377141629038
0.00010517297144974069
0.00010517297209944321
0.00000001180020714475
0.00010517297200762776
0.00010517297266332548
0.00000001177559960652
0.00002131126545101836
0.00000000058172655582
0.00000071182946548287
0.00000002385198216714
0.00000014962144190278
0.00000070964441922783
0.00000085578352648774
0.00002651742654657951
0.00000074069591682324
0.00000000072679684493
0.00000000306689651453
0.00001732947909349747
0.00002574628233364962
0.00000120175386220112
0.00000332218487364422
0.00000002547274102760
0.00000913220226372857
0.00000009597675432182
0.00002522391078008113
0.00000000968433200299
0.00002499267307509712
0.00000007460720863328
0.00000000145084300129
0.00000008582443888905
0.00001752375748842461
0.00002221709156402518
0.00000000219503704102
0.00000616712717604884
0.00000012491386747193
0.00000000149408796446
0.00000634810281852083
0.00000633107626990537
0.00000001613158651104
0.00000513492527520754
0.00000000841669844931
0.00001293419826708941
0.00000005701336092123
0.00000011834918600684
0.00000004570416201055
0.00000015000847297664
0.00000000168188840632
0.00000000064965854918
0.00000018030858783824
0.00000276791239084417
0.00000010711058662238
0.00000047466150010500
0.00000001019038720074
0.00000000107544906314
0.00000001207746613829
0.00000137734105321030
0.00001571021172597220
0.00000805210709287074
0.00000002491855455311
0.00002698169067127942
0.00000003773099543913
0.00000288803018522188
0.00000000493603424800
0.00000000217219886522
0.00000060723710060273
0.00000001992488196656
0.00000001363773405316
0.00000201006569611195
0.00000264123851256848
0.00000505084313218163
0.00000001699859164539
0.00000007774939536631
0.00000314912137988621
0.00000984414470717176
0.00000035906344386660
0.00002026129193222204
0.00002234415745516749
0.00000001425706219749
0.00000021468716759898
0.00000001066583665832
0.00000000256581289548
0.00000002539449650563
0.00000112534984397783
0.00000000455382265230
0.00000071671328716327
0.00002646130194472462
0.00000422905731922718
0.00001218903202993005
0.00000119922037011833
0.00000000720899562268
0.00000121665814556415
0.00002648115585190958
0.00000013593994818706
0.00001127041484316749
0.00000546642409604559
0.00000068235271033501
0.00002704052791147049
0.00002698200707240694
0.00000037553264986556
0.00000333790334550166
0.00000002803654508554
0.00002048259654152673
0.00000052999437172296
0.00000000534720667744
0.00002571760936720402
0.00002613535984785642
0.00000054148166883650
0.00000000370951180884
0.00000007545279800958
0.00001595551371558202
0.00000001211957911806
0.00000002883620786598
0.00000322464613200513
0.00000002819708055934
0.00000017240984284683
0.00002327470970131529
0.00000010740003830723
0.00000003431256789810
0.00000061782294324964
0.00000016583912165746
0.00000005796744340092
0.00000000090979201950
0.00001011201957001884
0.00006714896804471682
0.00000001262995652507
0.00000035681040377877
0.00000009625988994788
0.00000000286999279897
0.00000055157123191041
0.00000000068356731386
0.00000004886905524693
0.00002069361245160550
0.00000007841474258807
0.00000007290038450680
0.00000000155972113003
0.00000002021908973582
0.00000037719633971811
0.00000001745198929815
0.00000020168523240383
0.00001376050195989187
0.00000000750450268594
0.00000005097372379748
0.00001134865490148851
0.00000008372942850166
0.00000000207008832298
0.00000445512235069945
0.00000000108225151063
0.00000237912833889187
0.00000002786268726851
0.00000131003812142705
0.00000026319882784342
0.00000002641878382725
0.00000159827248080724
0.00000000181778547770
0.00000000037498526506
0.00029063547048624461
0.00000002177432534278
0.00000453934679267576
0.00000001676273164719
0.00000132491369086996
0.00000002135073107201
0.00000819095955006954
0.00000057300855560438
0.00000044087051953579
0.00000001463497179000
0.00000012537662930079
0.00000001755418976845
0.00000000508349895512
0.00000017376008942804
0.00000000356465046369
0.00000001868849286435
0.00007772054456178790
0.00000001704411212167
0.00023894428194970452
0.00000018415979308184
0.00000002949005717401
0.00016912213035147339
0.00000273121555094402
0.00000010114366322256
0.00001239347839965266
0.00000008993664390999
0.00004112768285913226
0.00000000154576396127
0.00001499051724163092
0.00000001454625808694
0.00000200025973340345
0.00000003632674638876
0.00018718050411759002
0.00000044831663292833
0.00008351571101150590
0.00000003928156744326
0.00002162273348127464
0.00000000240979758370
0.00000000082108664312
0.00000000103886088620
0.00002880075138445015
0.00002012743811308226
0.00000007840284832472
0.00000277578206431262
0.00019761289961250927
0.00000001313518827040
0.00000002472027449407
0.00000008189489864030
0.00020528659487339951
0.00000000597984795014
0.00018809403556363513
0.00004918980922286043
0.00000000161109392494
0.00000020534146549789
0.00000018819401759185
